#================================================================================
# RMSD Clustering Summary
#================================================================================

Total frames: 12729
Clustering method: rms-sort
Number of clusters: 42

Cluster Statistics:
------------------------------------------------------------
Cluster    Size     Mean RMSD    Std        Min        Max        Rep Line  
------------------------------------------------------------
0          259      2.933123     0.042868   2.861900   3.012600   7917      
1          111      3.066626     0.031124   3.017900   3.122400   9661      
2          104      3.195115     0.037843   3.130700   3.272400   8064      
3          558      2.537227     0.016935   2.508200   2.567500   1678      
4          483      2.484896     0.012630   2.462900   2.507600   3018      
5          566      2.437173     0.014537   2.411700   2.462500   12636     
6          383      2.594059     0.015354   2.568000   2.620100   9847      
7          384      2.650703     0.018167   2.620800   2.684500   4445      
8          193      2.821027     0.023071   2.779700   2.860800   1075      
9          357      2.728911     0.027176   2.685300   2.778400   2594      
10         527      1.940378     0.030970   1.878600   1.990900   6257      
11         65       1.602462     0.042753   1.508500   1.651900   350       
12         18       1.407461     0.140182   0.853900   1.488300   3251      
13         147      1.728683     0.034242   1.656200   1.773900   9641      
14         281      1.833557     0.028556   1.776800   1.877500   1         
15         842      2.176473     0.022493   2.135300   2.214700   2351      
16         503      2.109938     0.015304   2.081700   2.134900   8767      
17         633      2.039995     0.025765   1.991600   2.081100   4290      
18         924      2.376477     0.020459   2.342000   2.411500   1551      
19         740      2.311518     0.016980   2.281800   2.341800   10336     
20         835      2.249606     0.019094   2.215300   2.281500   301       
21         89       3.363309     0.039838   3.284400   3.428000   3019      
22         185      3.529466     0.053361   3.430500   3.618200   2856      
23         127      3.672440     0.025941   3.622200   3.715600   8146      
24         161      3.765520     0.025638   3.716800   3.804600   10528     
25         187      3.852050     0.027788   3.806100   3.897700   3302      
26         358      3.971561     0.041417   3.899700   4.043300   5904      
27         99       5.208540     0.036095   5.150000   5.282900   12394     
28         13       5.704338     0.072592   5.617400   5.834800   8853      
29         90       5.409593     0.084352   5.288900   5.592800   4966      
30         143      4.847792     0.023208   4.809600   4.889700   1691      
31         171      4.764607     0.026739   4.720900   4.807100   5079      
32         150      4.935293     0.025347   4.892200   4.979700   6223      
33         176      5.060434     0.047412   4.981700   5.147600   3782      
34         161      4.076807     0.015979   4.044900   4.103700   1661      
35         261      4.148233     0.025026   4.104400   4.189400   1751      
36         177      4.221460     0.016665   4.190600   4.250300   6206      
37         293      4.299076     0.028132   4.251300   4.348200   7823      
38         187      4.465372     0.017626   4.435200   4.497400   488       
39         259      4.390893     0.023799   4.349600   4.433200   9718      
40         215      4.670393     0.028154   4.622600   4.719000   10793     
41         314      4.558510     0.036239   4.498500   4.619900   12319     
